  0.0000000000e+00 
  -1.4234207631e+00 
   7.4014203577e-01 
   7.6270380538e+00 
  -1.5647426689e+00 
  -1.3750257675e+01 
   0.0000000000e+00 
   2.5195866215e+01 
  -1.3101199728e+01 
  -1.3500553289e+02 
   2.7694802240e+01 
   2.4340401271e+02 
   0.0000000000e+00 
   2.5284802998e+02 
  -1.3147444558e+02 
  -1.3551516882e+03 
   2.8299547459e+02 
   2.4225650559e+03 
   0.0000000000e+00 
  -1.4919705184e+03 
   7.7578613819e+02 
   7.9946248635e+03 
  -1.6504671120e+03 
  -1.4362252604e+04 
   0.0000000000e+00 
  -7.4002244938e+03 
   3.8479256198e+03 
   4.0554612817e+04 
  -2.1087351308e+04 
  -2.1538291460e+04 
   0.0000000000e+00 
   2.6394827232e+04 
  -1.3724628492e+04 
  -1.4405066719e+05 
   7.4902626711e+04 
   6.4701702152e+04 
 